8.11 8.11
30.8153113393571 37.23346587008895
0.8041965695804016 0.879854052496247
5.461619002144552 4.777851311324622
5.0 5.0
8.11 8.11
29.80315345169855 39.738675246732726
0.8658113262746842 0.8168239265147973
5.484026511508467 4.618298507875275
4.999999999999999 5.000000000000001
8.109999999999998 8.110000000000001
35.01206061624439 31.485874083708094
0.972360520716826 0.9748167820154431
5.636122722050554 3.712459139464587
5.000000000000001 5.0
8.11 8.11
27.249416765071096 45.72418940807076
0.8674128125027998 0.8427264732158593
5.7498038221129635 4.607183748496957
4.999999999999998 5.0
