0.000000000000000 0.000000000000000 0.000000000000000 0.000000000000000 0.000000000000000 0.000000000000000 0.000000000000000 0.000000000000000 0.000000000000000 0.000000000000000 0.000000000000000 0.000000000000000 0.000000000000000 0.000000000000000 0.000000000000000 0.000000000000000 0.000000000000000 0.000000000000000 0.000000000000000 0.000000000000000 0.328960928715638 0.016671449161853 0.007216724223660 0.047239639082748 0.000000000000000 0.000000000000000 0.000000000000000 0.000000000000000 0.400088741183899
0.000000000000000 0.000000000000000 0.000000000000000 0.000000000000000 0.000000000000000 0.000000000000000 0.000000000000000 0.000000000000000 0.000000000000000 0.000000000000000 0.000000000000000 0.000000000000000 0.000000000000000 0.000000000000000 0.000000000000000 0.000000000000000 0.000000000000000 0.000000000000000 0.000000000000000 0.000000000000000 5.537892168463846 0.191652251191557 0.084140427733825 0.529742358306415 2.119294543534848 0.120198721175979 0.070726917005743 0.399228742152569 9.052876129564783
0.000000000000000 0.000000000000000 0.000000000000000 0.000000000000000 0.000000000000000 0.000000000000000 0.000000000000000 0.000000000000000 0.000000000000000 0.000000000000000 0.000000000000000 0.000000000000000 0.000000000000000 0.000000000000000 0.000000000000000 0.000000000000000 0.000000000000000 0.000000000000000 0.000000000000000 0.000000000000000 1.483776300268888 0.024768162778853 0.026882099081329 0.110130597561788 0.964782184056753 0.000347634068240 0.000206261360921 0.003962618534875 2.614855857711648
0.000000000000000 0.000000000000000 0.000000000000000 0.000000000000000 0.000000000000000 0.000000000000000 0.000000000000000 0.000000000000000 0.000000000000000 0.000000000000000 0.000000000000000 0.000000000000000 0.000000000000000 0.000000000000000 0.000000000000000 0.000000000000000 0.000000000000000 0.000000000000000 0.000000000000000 0.000000000000000 70.881369841396420 0.054074950720996 0.014192522594608 1.239748050903260 12.566955567593967 0.003173965055959 0.000269894487332 0.147476352240926 84.907261144993484
0.000000000000000 0.000000000000000 0.000000000000000 0.000000000000000 0.000000000000000 0.000000000000000 0.000000000000000 0.000000000000000 0.000000000000000 0.000000000000000 0.000000000000000 0.000000000000000 0.000000000000000 0.000000000000000 0.000000000000000 0.000000000000000 0.000000000000000 0.000000000000000 0.000000000000000 0.000000000000000 0.856022222998007 0.104984656733138 0.007819471251944 0.148625946443775 1.501130173380815 0.068326088187314 0.018192824722859 0.319816742828305 3.024918126546157
0.000000000000000 0.000000000000000 0.000000000000000 0.000000000000000 0.000000000000000 0.000000000000000 0.000000000000000 0.000000000000000 0.000000000000000 0.000000000000000 0.000000000000000 0.000000000000000 0.000000000000000 0.000000000000000 0.000000000000000 0.000000000000000 0.000000000000000 0.000000000000000 0.000000000000000 0.000000000000000 0.014737551935191 0.069565098263813 0.000549858699922 0.017040133207238 0.000000000000000 0.000000000000000 0.000000000000000 0.000000000000000 0.101892642106165
0.000000000000000 0.000000000000000 0.000000000000000 0.000000000000000 0.000000000000000 0.000000000000000 0.000000000000000 0.000000000000000 0.000000000000000 0.000000000000000 0.000000000000000 0.000000000000000 0.000000000000000 0.000000000000000 0.000000000000000 0.000000000000000 0.000000000000000 0.000000000000000 0.000000000000000 0.000000000000000 0.145887237292444 0.413582299416187 0.004919370240934 0.067005512003304 0.077324084255182 0.063538500284865 0.001882374182018 0.039069860319455 0.813209237994389
0.000000000000000 0.000000000000000 0.000000000000000 0.000000000000000 0.000000000000000 0.000000000000000 0.000000000000000 0.000000000000000 0.000000000000000 0.000000000000000 0.000000000000000 0.000000000000000 0.000000000000000 0.000000000000000 0.000000000000000 0.000000000000000 0.000000000000000 0.000000000000000 0.000000000000000 0.000000000000000 0.019352383131134 0.116508257759565 0.000010023020057 0.005183273392320 0.000794863688455 0.041593024546407 0.000018803547451 0.004426805085282 0.187887434170672
0.000000000000000 0.000000000000000 0.000000000000000 0.000000000000000 0.000000000000000 0.000000000000000 0.000000000000000 0.000000000000000 0.000000000000000 0.000000000000000 0.000000000000000 0.000000000000000 0.000000000000000 0.000000000000000 0.000000000000000 0.000000000000000 0.000000000000000 0.000000000000000 0.000000000000000 0.000000000000000 0.078137904003266 5.788439342153155 0.002364384610609 0.174356921516593 0.033966557296422 1.833777925908929 0.000299871242658 0.023957519628110 7.935300426359742
0.000000000000000 0.000000000000000 0.000000000000000 0.000000000000000 0.000000000000000 0.000000000000000 0.000000000000000 0.000000000000000 0.000000000000000 0.000000000000000 0.000000000000000 0.000000000000000 0.000000000000000 0.000000000000000 0.000000000000000 0.000000000000000 0.000000000000000 0.000000000000000 0.000000000000000 0.000000000000000 0.088024946801673 0.053119714420431 0.000535478836752 0.012756695785941 0.119797353328126 0.023691042024121 0.000943023292728 0.034551253260675 0.333419507750447
0.000000000000000 0.000000000000000 0.000000000000000 0.000000000000000 0.000000000000000 0.000000000000000 0.000000000000000 0.000000000000000 0.000000000000000 0.000000000000000 0.000000000000000 0.000000000000000 0.000000000000000 0.000000000000000 0.000000000000000 0.000000000000000 0.000000000000000 0.000000000000000 0.000000000000000 0.000000000000000 0.048372707729027 0.001863402618939 0.068250478219759 0.006227395519045 0.000000000000000 0.000000000000000 0.000000000000000 0.000000000000000 0.124713984086770
0.000000000000000 0.000000000000000 0.000000000000000 0.000000000000000 0.000000000000000 0.000000000000000 0.000000000000000 0.000000000000000 0.000000000000000 0.000000000000000 0.000000000000000 0.000000000000000 0.000000000000000 0.000000000000000 0.000000000000000 0.000000000000000 0.000000000000000 0.000000000000000 0.000000000000000 0.000000000000000 0.250869377738023 0.024817034388356 0.879925107094916 0.072863167576416 0.200765684809019 0.008815307887007 0.017188995599281 0.045768482030151 1.501013157123170
0.000000000000000 0.000000000000000 0.000000000000000 0.000000000000000 0.000000000000000 0.000000000000000 0.000000000000000 0.000000000000000 0.000000000000000 0.000000000000000 0.000000000000000 0.000000000000000 0.000000000000000 0.000000000000000 0.000000000000000 0.000000000000000 0.000000000000000 0.000000000000000 0.000000000000000 0.000000000000000 0.010673399426815 0.000818469557230 0.032702354087967 0.004444441516423 0.003795924768190 0.000152567252767 0.075675316960652 0.000256160444406 0.128518634014449
0.000000000000000 0.000000000000000 0.000000000000000 0.000000000000000 0.000000000000000 0.000000000000000 0.000000000000000 0.000000000000000 0.000000000000000 0.000000000000000 0.000000000000000 0.000000000000000 0.000000000000000 0.000000000000000 0.000000000000000 0.000000000000000 0.000000000000000 0.000000000000000 0.000000000000000 0.000000000000000 0.025312144043536 0.002022080538865 3.884790643284071 0.011825764834724 0.017936142501517 0.000720913247991 1.138874293414554 0.001413452365253 5.082895434230510
0.000000000000000 0.000000000000000 0.000000000000000 0.000000000000000 0.000000000000000 0.000000000000000 0.000000000000000 0.000000000000000 0.000000000000000 0.000000000000000 0.000000000000000 0.000000000000000 0.000000000000000 0.000000000000000 0.000000000000000 0.000000000000000 0.000000000000000 0.000000000000000 0.000000000000000 0.000000000000000 0.048020136198884 0.013036755070404 0.199237187105383 0.019353402024218 0.158045870093488 0.006068578068041 0.066001899505180 0.014214493851681 0.523978321917280
0.000000000000000 0.000000000000000 0.000000000000000 0.000000000000000 0.000000000000000 0.000000000000000 0.000000000000000 0.000000000000000 0.000000000000000 0.000000000000000 0.000000000000000 0.000000000000000 0.000000000000000 0.000000000000000 0.000000000000000 0.000000000000000 0.000000000000000 0.000000000000000 0.000000000000000 0.000000000000000 0.054375785497238 0.006784318863394 0.003001787234855 9.207625070398766 0.000000000000000 0.000000000000000 0.000000000000000 0.000000000000000 9.271786961994254
0.000000000000000 0.000000000000000 0.000000000000000 0.000000000000000 0.000000000000000 0.000000000000000 0.000000000000000 0.000000000000000 0.000000000000000 0.000000000000000 0.000000000000000 0.000000000000000 0.000000000000000 0.000000000000000 0.000000000000000 0.000000000000000 0.000000000000000 0.000000000000000 0.000000000000000 0.000000000000000 1.848830770166801 0.257215574795445 0.135059628696838 33.093337029811416 1.021736881890800 0.084131624902695 0.094856804240621 13.211508259420722 49.746676573925335
0.000000000000000 0.000000000000000 0.000000000000000 0.000000000000000 0.000000000000000 0.000000000000000 0.000000000000000 0.000000000000000 0.000000000000000 0.000000000000000 0.000000000000000 0.000000000000000 0.000000000000000 0.000000000000000 0.000000000000000 0.000000000000000 0.000000000000000 0.000000000000000 0.000000000000000 0.000000000000000 0.107565324036418 0.004727751691130 0.003248907796599 3.053471422692774 0.002215711745967 0.000207169097038 0.000232985478548 0.288271739730688 3.459941012269162
0.000000000000000 0.000000000000000 0.000000000000000 0.000000000000000 0.000000000000000 0.000000000000000 0.000000000000000 0.000000000000000 0.000000000000000 0.000000000000000 0.000000000000000 0.000000000000000 0.000000000000000 0.000000000000000 0.000000000000000 0.000000000000000 0.000000000000000 0.000000000000000 0.000000000000000 0.000000000000000 0.655348195655993 0.072358684261848 0.042799173477412 169.001956355760399 0.045695933297923 0.016722019834844 0.004778018111254 59.819557309192696 229.659215689592372
0.000000000000000 0.000000000000000 0.000000000000000 0.000000000000000 0.000000000000000 0.000000000000000 0.000000000000000 0.000000000000000 0.000000000000000 0.000000000000000 0.000000000000000 0.000000000000000 0.000000000000000 0.000000000000000 0.000000000000000 0.000000000000000 0.000000000000000 0.000000000000000 0.000000000000000 0.000000000000000 0.308869051630765 0.062571624794603 0.016103258359563 5.381219197854359 0.369370952517770 0.023479024109375 0.033444907870155 7.089071088296665 13.284129105433253
0.400088741183899 9.052876129564783 2.614855857711648 84.907261144993498 3.024918126546158 0.101892642106165 0.813209237994389 0.187887434170672 7.935300426359742 0.333419507750447 0.124713984086770 1.501013157123170 0.128518634014449 5.082895434230510 0.523978321917280 9.271786961994254 49.746676573925335 3.459941012269162 229.659215689592372 13.284129105433253 0.000000000000000 0.000000000000000 0.000000000000000 0.000000000000000 0.000000000000000 0.000000000000000 0.000000000000000 0.000000000000000 422.154578122967905
0.400088741183899 9.052876129564783 2.614855857711648 84.907261144993498 3.024918126546158 0.101892642106165 0.813209237994389 0.187887434170672 7.935300426359742 0.333419507750447 0.124713984086770 1.501013157123170 0.128518634014449 5.082895434230510 0.523978321917280 9.271786961994254 49.746676573925335 3.459941012269162 229.659215689592372 13.284129105433253 82.792398377130041 7.279581879179762 5.413748885651001 222.204152376191928 19.203608428759246 2.294944105651571 1.523593191021957 81.442550879382466 844.309156245935810
