0 1 0 1.738897927706196
0 1 1 0.7442798709642472
0 1 2 2.2968852861588562
0 1 3 1.793398674421318
0 2 0 3.1933908894194523
0 2 1 0.5232513442364775
0 2 2 7.7470192288888615
0 2 3 1.7590179739904863
0 3 0 0.0
0 3 1 0.0
0 3 2 0.0
0 3 3 0.0
1 0 0 3.2751891932837545
1 0 1 0.6059641029877693
1 0 2 4.5541037049263
1 0 3 1.5489366703903102
1 2 0 0.5739454844420809
1 2 1 0.3793306616443981
1 2 2 5.196613842369871
1 2 3 1.465278812072516
1 3 0 0.0
1 3 1 0.0
1 3 2 0.0
1 3 3 0.0
2 0 0 29.178069141243363
2 0 1 0.17794708953062713
2 0 2 7.62201428779542
2 0 3 3.6518189350718218
2 1 0 13.289392459777376
2 1 1 0.07948041956612488
2 1 2 12.217952804378326
2 1 3 2.9696335588645058
2 3 0 0.0
2 3 1 0.0
2 3 2 0.0
2 3 3 0.0
