0 1 0 3.477795855412392
0 1 1 1.4885597419284944
0 1 2 4.5937705723177125
0 1 3 3.586797348842636
0 2 0 6.3867817788389045
0 2 1 1.046502688472955
0 2 2 15.494038457777723
0 2 3 3.5180359479809726
0 3 0 2.284289043143885
0 3 1 1.9518350050431188
0 3 2 1.894223845046376
0 3 3 2.395880645619532
1 0 0 3.2751891932837545
1 0 1 0.6059641029877693
1 0 2 4.5541037049263
1 0 3 1.5489366703903102
1 2 0 0.5739454844420809
1 2 1 0.3793306616443981
1 2 2 5.196613842369871
1 2 3 1.465278812072516
1 3 0 0.0
1 3 1 0.0
1 3 2 0.0
1 3 3 0.0
2 0 0 29.178069141243363
2 0 1 0.17794708953062713
2 0 2 7.62201428779542
2 0 3 3.6518189350718218
2 1 0 13.289392459777376
2 1 1 0.07948041956612488
2 1 2 12.217952804378326
2 1 3 2.9696335588645058
2 3 0 0.0
2 3 1 0.0
2 3 2 0.0
2 3 3 0.0
