0 1 0 0.8627421700061767
0 1 1 1.452578789175757e-07
0 1 2 0.04428001243227807
0 1 3 0.7447950683479009
0 2 0 5.264534074043142
0 2 1 0.6997210388901911
0 2 2 3.834804695103444
0 2 3 4.76252637404327
0 3 0 0.0
0 3 1 0.0
0 3 2 0.0
0 3 3 0.0
1 0 0 1.3882085650850307
1 0 1 1.7922170698568656
1 0 2 3.7210282810059434
1 0 3 2.1770656910653834
1 2 0 5.482516235869026
1 2 1 1.5642737262426778
1 2 2 5.189574900146505
1 2 3 5.262372915032487
1 3 0 0.0
1 3 1 0.0
1 3 2 0.0
1 3 3 0.0
2 0 0 9.353180388882132
2 0 1 8.743734266286094
2 0 2 14.042796774167737
2 0 3 12.321922755111512
2 1 0 3.9661336247672008
2 1 1 9.189047217977915
2 1 2 13.74788096537834
2 1 3 12.568533927742422
2 3 0 0.0
2 3 1 0.0
2 3 2 0.0
2 3 3 0.0
