Scalar parameters:
rho: -0.5385
delta: 0.0600
rss: 0.0200
psi: -1.0000

VECTOR PARAMETERS (1 x NC):
G: 2.6645 1.9336 2.2772 2.1495
beta: 0.9804 0.9804 0.9804 0.9804
phi: 1.0000 1.0000 1.0000 1.0000
lbar: 127.9570 12.0194 9.1649 332.6288
kk0: 323.4844 38.6583 25.6649 1371.8982
tauk: -0.1846 -0.5208 -0.3235 -0.9265
b0: -40.6163 0.5220 -2.8477 42.9420

MATRIX PARAMETERS (NC x NS):

sig:
 0.8767 0.9686 -0.1364 0.8066 0.8000
 0.8767 0.9686 -0.1364 0.8066 0.8000
 0.8767 0.9686 -0.1364 0.8066 0.8000
 0.8767 0.9686 -0.1364 0.8066 0.8000

H:
 3.7035 3.7662 2.3902 3.4319 2.1847
 3.6480 3.8308 3.1952 3.7581 2.3563
 3.4187 3.7515 1.9248 3.3885 2.2626
 2.6927 3.6876 1.1760 2.4791 2.0005

zeta:
 0.8767 0.9686 -0.1364 0.8066 0.8000
 0.8767 0.9686 -0.1364 0.8066 0.8000
 0.8767 0.9686 -0.1364 0.8066 0.8000
 0.8767 0.9686 -0.1364 0.8066 0.8000

M:
 3.2544 3.9155 2.2291 3.3446 2.4115
 3.2185 3.8981 3.0134 3.6530 2.6556
 3.5595 3.7627 2.8683 3.6154 2.7998
 2.7402 3.6804 1.1229 2.2982 2.1954

lam_va:
 0.3596 0.3425 0.1388 0.2722 0.5865
 0.2637 0.5096 0.1412 0.2612 0.5413
 0.5992 0.4942 0.1581 0.2206 0.7027
 0.5984 0.3363 0.0632 0.0885 0.5222

alpha:
 0.3400 0.3400 0.3400 0.3400 0.3400
 0.3400 0.3400 0.3400 0.3400 0.3400
 0.3400 0.3400 0.3400 0.3400 0.3400
 0.3400 0.3400 0.3400 0.3400 0.3400

A:
 0.8826 0.8826 0.8826 0.8826 0.8826
 0.8232 0.8232 0.8232 0.8232 0.8232
 0.8466 0.8466 0.8466 0.8466 0.8466
 0.7933 0.7933 0.7933 0.7933 0.7933

sig_z:
 0.6086 0.4746 0.6086 0.6086 0.6086
 0.6086 0.4746 0.6086 0.6086 0.6086
 0.6086 0.4746 0.6086 0.6086 0.6086
 0.6086 0.4746 0.6086 0.6086 0.6086


3D PARAMETERS:

eps (NC x 2 x NS):
 0.0004 0.0028 0.0020 0.0320 0.9627	 0.0000 0.0505 0.1125 0.1791 0.6579
 0.0016 0.0032 0.0066 0.0512 0.9374	 0.0000 0.0185 0.0533 0.1214 0.8068
 0.0021 0.0015 0.0104 0.1225 0.8634	 0.0000 0.0504 0.0781 0.1224 0.7492
 0.0104 0.0020 0.0047 0.0756 0.9073	 0.0000 0.0037 0.0917 0.1686 0.7361

theta (NC x NS x NC):
 0.3055 0.2081 0.2411 0.2452	 0.2763 0.2377 0.2352 0.2508	 0.7290 0.0461 0.0453 0.1796	 0.3433 0.1732 0.1985 0.2849	 0.5341 0.1423 0.1176 0.2060
 0.2597 0.3093 0.1981 0.2329	 0.2555 0.2708 0.2308 0.2429	 0.5169 0.2046 0.0418 0.2367	 0.2662 0.2889 0.1730 0.2718	 0.1887 0.5018 0.1028 0.2068
 0.2535 0.1843 0.3342 0.2280	 0.2639 0.2128 0.2757 0.2476	 0.0587 0.0023 0.8151 0.1239	 0.2479 0.1354 0.3482 0.2685	 0.1611 0.1148 0.5190 0.2051
 0.2184 0.1924 0.1700 0.4192	 0.2536 0.2347 0.2295 0.2822	 0.0231 0.0017 0.0011 0.9741	 0.2240 0.1471 0.1504 0.4786	 0.2059 0.1395 0.0812 0.5735

mu (NC x NS x NC):
 0.3517 0.2165 0.1811 0.2507	 0.2640 0.2477 0.2376 0.2506	 0.7565 0.0248 0.0476 0.1711	 0.3603 0.1927 0.1813 0.2657	 0.4911 0.1428 0.1184 0.2477
 0.2692 0.3524 0.1379 0.2405	 0.2558 0.2643 0.2311 0.2488	 0.5516 0.2215 0.0254 0.2015	 0.2735 0.3057 0.1566 0.2641	 0.2139 0.4524 0.0994 0.2344
 0.2585 0.2061 0.3197 0.2157	 0.2614 0.2164 0.2753 0.2469	 0.2992 0.0047 0.5150 0.1811	 0.2756 0.1482 0.3079 0.2683	 0.1773 0.1364 0.4316 0.2547
 0.2326 0.2034 0.1515 0.4126	 0.2463 0.2354 0.2354 0.2829	 0.0160 0.0008 0.0004 0.9828	 0.2108 0.1477 0.1317 0.5098	 0.2309 0.1519 0.0859 0.5312

lam (NC x NS x NS):
 0.2395 0.0564 0.0032 0.1492 0.1922	 0.0001 0.4486 0.0018 0.0483 0.1587	 0.0001 0.0048 0.2791 0.3290 0.2483	 0.0744 0.0285 0.0075 0.3766 0.2407	 0.0009 0.0225 0.0069 0.0556 0.3277
 0.1574 0.0622 0.0028 0.2096 0.3044	 0.0005 0.2605 0.0035 0.0626 0.1634	 0.0005 0.0072 0.4568 0.1834 0.2109	 0.0762 0.0571 0.0067 0.3195 0.2794	 0.0027 0.0264 0.0095 0.0810 0.3391
 0.1111 0.0194 0.0013 0.1756 0.0934	 0.0000 0.3667 0.0024 0.0552 0.0815	 0.0000 0.0025 0.3147 0.3162 0.2084	 0.0894 0.0537 0.0085 0.4220 0.2058	 0.0001 0.0324 0.0133 0.0712 0.1804
 0.1284 0.0197 0.0030 0.1407 0.1098	 0.0005 0.3599 0.0036 0.1001 0.1996	 0.0002 0.0079 0.3827 0.3239 0.2221	 0.0791 0.0750 0.0076 0.5062 0.2437	 0.0054 0.0324 0.0092 0.1112 0.3197

kappa0 (NC x NS x NC-1):
 0.0073 0.0077 0.0377	 0.0000 0.0000 0.0000	 0.0602 0.0222 0.1397	 0.1471 0.1141 0.4034	 0.0305 0.0062 0.7138
 0.0095 0.0011 0.0129	 0.0000 0.0000 0.0000	 0.0492 0.0007 0.0124	 0.1292 0.0047 0.0571	 0.0360 0.0015 0.0926
 0.0100 0.0003 0.0020	 0.0000 0.0000 0.0000	 0.0592 0.0053 0.0078	 0.1435 0.0110 0.0416	 0.0140 0.0009 0.0056
 0.0326 0.0030 0.0020	 0.0000 0.0000 0.0000	 0.1922 0.0275 0.0200	 0.9781 0.1376 0.1161	 0.3866 0.0482 0.0310

kappa1 (NC x NS x NC-1):
 0.0017 0.0018 0.0089	 0.0000 0.0000 0.0000	 0.0142 0.0052 0.0329	 0.0346 0.0269 0.0950	 0.0072 0.0015 0.1680
 0.0022 0.0003 0.0030	 0.0000 0.0000 0.0000	 0.0116 0.0002 0.0029	 0.0304 0.0011 0.0134	 0.0085 0.0003 0.0218
 0.0023 0.0001 0.0005	 0.0000 0.0000 0.0000	 0.0139 0.0012 0.0018	 0.0338 0.0026 0.0098	 0.0033 0.0002 0.0013
 0.0077 0.0007 0.0005	 0.0000 0.0000 0.0000	 0.0453 0.0065 0.0047	 0.2303 0.0324 0.0273	 0.0910 0.0114 0.0073

